
-------
Search For 2

2456789
123456789
123456789
12456789
2456789
23456789
23456789
2456789
12456789

-------
Search For 3

12356789
123456789
1356789
123456789
123456789
123456789
13456789
13456789
12356789

-------
Search For 4

1246789
123456789
12346789
1246789
12456789
12456789
123456789
1246789
123456789

-------
Search For 5

12356789
12345789
12356789
123456789
123456789
123456789
12356789
1235789
12345789

-------
Search For 6

1234689
12346789
12346789
123456789
1234689
123456789
123456789
12345689
123456789

-------
Search For 7

1234579
12345679
1234579
12345679
123456789
12345789
1234579
12345789
1234579

-------
Search For 8

12345678
123456789
1234568
12345689
12345689
1234568
12345678
12345689
12345689
